m54215_181210_185655	4194383	27	196019	154305
m54215_181210_185655	4194401	22	162961	162012
m54215_181210_185655	4194416	24	223391	216148
m54215_181210_185655	4194422	12	140721	134343
m54215_181210_185655	4194433	15	160081	155690
m54215_181210_185655	4194438	11	116472	100944
m54215_181210_185655	4194442	23	131866	123652
m54215_181210_185655	4194448	15	132928	132294
m54215_181210_185655	4194452	12	176192	174629
m54215_181210_185655	4194472	13	263383	119860
m54215_181210_185655	4194483	14	146389	145802
m54215_181210_185655	4194535	15	275134	150939
m54215_181210_185655	4194541	72	224820	221701
m54215_181210_185655	4194557	16	141686	141036
m54215_181210_185655	4194570	18	200779	200036
m54215_181210_185655	4194575	18	225234	224486
m54215_181210_185655	4194605	34	219507	155350
m54215_181210_185655	4194606	14	195494	108206
m54215_181210_185655	4194633	14	145839	145303
m54215_181210_185655	4194644	13	139420	138879
m54215_181210_185655	4194658	15	152751	150111
m54215_181210_185655	4194661	15	132878	132254
m54215_181210_185655	4194666	15	130891	128604
m54215_181210_185655	4194668	40	217287	212621
m54215_181210_185655	4194676	15	198892	182936
m54215_181210_185655	4194692	13	183671	183130
m54215_190323_005505	10355583	14	174254	173672
